[gd_scene load_steps=11 format=3 uid="uid://c0wikqxyfmwfu"]

[ext_resource type="PackedScene" uid="uid://dm1kcj56mygc8" path="res://block.tscn" id="1_0r1dm"]
[ext_resource type="PackedScene" uid="uid://b4eq88hhnyla7" path="res://player.tscn" id="1_118t5"]
[ext_resource type="PackedScene" uid="uid://d3i6cysk62djt" path="res://coin.tscn" id="3_t1xpw"]
[ext_resource type="PackedScene" uid="uid://c7450h1wcv4lk" path="res://test.tscn" id="4_lxfw2"]

[sub_resource type="StandardMaterial3D" id="StandardMaterial3D_gm0m5"]
albedo_color = Color(0.184314, 0.929412, 0.101961, 1)

[sub_resource type="BoxMesh" id="BoxMesh_c5db6"]
material = SubResource("StandardMaterial3D_gm0m5")
size = Vector3(10, 0.5, 10)

[sub_resource type="BoxShape3D" id="BoxShape3D_f3o68"]
size = Vector3(10, 0.5, 10)

[sub_resource type="ProceduralSkyMaterial" id="ProceduralSkyMaterial_ghew4"]
sky_top_color = Color(0.639216, 0.313726, 0.54902, 1)
sky_horizon_color = Color(0.25098, 0.654902, 0.670588, 1)

[sub_resource type="Sky" id="Sky_8hswf"]
sky_material = SubResource("ProceduralSkyMaterial_ghew4")

[sub_resource type="Environment" id="Environment_fan3p"]
background_mode = 2
sky = SubResource("Sky_8hswf")

[node name="level1" type="Node3D"]
transform = Transform3D(1, 0, 0, 0, 1, 0, 0, 0, 1, 0, -1, 0)

[node name="Floor" type="StaticBody3D" parent="."]
metadata/_edit_group_ = true

[node name="MeshInstance3D" type="MeshInstance3D" parent="Floor"]
mesh = SubResource("BoxMesh_c5db6")

[node name="CollisionShape3D" type="CollisionShape3D" parent="Floor"]
shape = SubResource("BoxShape3D_f3o68")

[node name="DirectionalLight3D" type="DirectionalLight3D" parent="."]
transform = Transform3D(0.479335, 0.620579, -0.620579, 0, 0.707107, 0.707107, 0.877632, -0.338941, 0.338941, -5.97345, 3.7405, 7.99624)
shadow_enabled = true

[node name="blocks" type="Node3D" parent="."]

[node name="block1" parent="blocks" instance=ExtResource("1_0r1dm")]
transform = Transform3D(1, 0, 0, 0, 0.812379, -0.58313, 0, 0.58313, 0.812379, 2.30922, 4.28811, 0)

[node name="block2" parent="blocks" instance=ExtResource("1_0r1dm")]
transform = Transform3D(1, 0, 0, 0, 0.870261, 0.492591, 0, -0.492591, 0.870261, 0.784649, 5.48353, 1.70347)

[node name="block3" parent="blocks" instance=ExtResource("1_0r1dm")]
transform = Transform3D(1, 0, 0, 0, 0.812379, -0.58313, 0, 0.58313, 0.812379, 2.30922, 6.98462, 0)

[node name="block4" parent="blocks" instance=ExtResource("1_0r1dm")]
transform = Transform3D(1, 0, 0, 0, 0.32139, -0.946947, 0, 0.946947, 0.32139, 0.848677, 8.21253, 1.74057)

[node name="player" parent="." instance=ExtResource("1_118t5")]
transform = Transform3D(1, 0, 0, 0, 1, 0, 0, 0, 1, 1, 1, 4)

[node name="coin" parent="." instance=ExtResource("3_t1xpw")]
transform = Transform3D(-4.37114e-08, -1, 0, 1, -4.37114e-08, 0, 0, 0, 1, -3.06153, 1.14787, 0)

[node name="WorldEnvironment" type="WorldEnvironment" parent="."]
environment = SubResource("Environment_fan3p")

[node name="Control" type="Control" parent="."]
layout_mode = 3
anchors_preset = 0
offset_right = 40.0
offset_bottom = 40.0

[node name="Test" parent="Control" instance=ExtResource("4_lxfw2")]
